32     480       0.1339    0.1921 6.400000e+000 9.600000e+001 1.339079e-003 1.921016e-003 
64     480      -0.0411   -0.1840 1.280000e+001 9.600000e+001 -4.105726e-004 -1.839735e-003 
96     480      -0.0916   -0.3406 1.920000e+001 9.600000e+001 -9.159558e-004 -3.405853e-003 
128    480      -0.2068   -0.3541 2.560000e+001 9.600000e+001 -2.068386e-003 -3.540600e-003 
160    480      -0.0590   -0.3622 3.200000e+001 9.600000e+001 -5.895463e-004 -3.622437e-003 
192    480       0.1320   -0.3451 3.840000e+001 9.600000e+001 1.320192e-003 -3.451305e-003 
224    480       0.1059   -0.3093 4.480000e+001 9.600000e+001 1.058534e-003 -3.092704e-003 
256    480       0.0688   -0.3153 5.120000e+001 9.600000e+001 6.881601e-004 -3.152789e-003 
288    480      -0.0211   -0.3346 5.760000e+001 9.600000e+001 -2.105066e-004 -3.345918e-003 
320    480      -0.0596   -0.3626 6.400000e+001 9.600000e+001 -5.957879e-004 -3.625579e-003 
352    480      -0.0804   -0.2782 7.040000e+001 9.600000e+001 -8.038613e-004 -2.782107e-003 
384    480      -0.1082   -0.2607 7.680000e+001 9.600000e+001 -1.082044e-003 -2.606591e-003 
416    480       0.0132   -0.2635 8.320000e+001 9.600000e+001 1.323982e-004 -2.634906e-003 
448    480       0.0138   -0.3566 8.960000e+001 9.600000e+001 1.382639e-004 -3.565767e-003 
480    480      -0.0643   -0.3965 9.600000e+001 9.600000e+001 -6.427957e-004 -3.964618e-003 
32     448       0.0130   -0.0566 6.400000e+000 8.960000e+001 1.300882e-004 -5.657756e-004 
64     448       0.0892   -0.1585 1.280000e+001 8.960000e+001 8.919722e-004 -1.584509e-003 
96     448       0.1590   -0.2807 1.920000e+001 8.960000e+001 1.589753e-003 -2.806568e-003 
128    448      -0.0373   -0.2012 2.560000e+001 8.960000e+001 -3.732928e-004 -2.012366e-003 
160    448      -0.0185   -0.0795 3.200000e+001 8.960000e+001 -1.845933e-004 -7.954206e-004 
192    448       0.0134   -0.0484 3.840000e+001 8.960000e+001 1.338588e-004 -4.839218e-004 
224    448       0.0995   -0.2624 4.480000e+001 8.960000e+001 9.954756e-004 -2.623916e-003 
256    448       0.1946   -0.3419 5.120000e+001 8.960000e+001 1.946330e-003 -3.419044e-003 
288    448       0.0352   -0.2189 5.760000e+001 8.960000e+001 3.523436e-004 -2.189137e-003 
320    448      -0.0484   -0.1244 6.400000e+001 8.960000e+001 -4.840082e-004 -1.244042e-003 
352    448      -0.0709   -0.0636 7.040000e+001 8.960000e+001 -7.085589e-004 -6.355997e-004 
384    448      -0.0706   -0.1274 7.680000e+001 8.960000e+001 -7.055319e-004 -1.274178e-003 
416    448       0.0787   -0.2643 8.320000e+001 8.960000e+001 7.869367e-004 -2.643377e-003 
448    448       0.1430   -0.3524 8.960000e+001 8.960000e+001 1.430417e-003 -3.523529e-003 
480    448      -0.2717   -0.1765 9.600000e+001 8.960000e+001 -2.717401e-003 -1.765001e-003 
32     416       0.1035   -0.2061 6.400000e+000 8.320000e+001 1.035443e-003 -2.061321e-003 
64     416       0.0893   -0.5574 1.280000e+001 8.320000e+001 8.929528e-004 -5.574219e-003 
96     416       0.2647   -0.8374 1.920000e+001 8.320000e+001 2.646540e-003 -8.374359e-003 
128    416       0.0872   -0.3588 2.560000e+001 8.320000e+001 8.717320e-004 -3.588169e-003 
160    416      -0.0220   -0.1044 3.200000e+001 8.320000e+001 -2.196625e-004 -1.043799e-003 
192    416      -0.0304   -0.0606 3.840000e+001 8.320000e+001 -3.044970e-004 -6.059082e-004 
224    416       0.0560   -0.1696 4.480000e+001 8.320000e+001 5.597102e-004 -1.696034e-003 
256    416       0.3398   -0.2725 5.120000e+001 8.320000e+001 3.398201e-003 -2.725478e-003 
288    416       0.1475   -0.1905 5.760000e+001 8.320000e+001 1.474744e-003 -1.904675e-003 
320    416       0.0236   -0.0352 6.400000e+001 8.320000e+001 2.355714e-004 -3.519196e-004 
352    416      -0.0655   -0.5390 7.040000e+001 8.320000e+001 -6.551714e-004 -5.389808e-003 
384    416      -0.0139   -0.5974 7.680000e+001 8.320000e+001 -1.389120e-004 -5.973935e-003 
416    416       0.0731   -0.3411 8.320000e+001 8.320000e+001 7.309138e-004 -3.410991e-003 
448    416       0.0792   -0.1224 8.960000e+001 8.320000e+001 7.921246e-004 -1.224390e-003 
480    416      -0.2981   -0.0464 9.600000e+001 8.320000e+001 -2.980565e-003 -4.644521e-004 
32     384       0.0421   -0.2428 6.400000e+000 7.680000e+001 4.212065e-004 -2.427790e-003 
64     384       0.0129   -0.3700 1.280000e+001 7.680000e+001 1.290977e-004 -3.699569e-003 
96     384       0.0817   -0.4952 1.920000e+001 7.680000e+001 8.167970e-004 -4.952391e-003 
128    384       0.0534   -0.3863 2.560000e+001 7.680000e+001 5.337942e-004 -3.863076e-003 
160    384      -0.0089   -0.1134 3.200000e+001 7.680000e+001 -8.857272e-005 -1.134127e-003 
192    384      -0.0210   -0.0440 3.840000e+001 7.680000e+001 -2.096388e-004 -4.395467e-004 
224    384      -0.0125   -0.0335 4.480000e+001 7.680000e+001 -1.251929e-004 -3.347063e-004 
256    384       0.0386   -0.0233 5.120000e+001 7.680000e+001 3.859904e-004 -2.329501e-004 
288    384       0.0437   -0.0387 5.760000e+001 7.680000e+001 4.366993e-004 -3.865171e-004 
320    384      -0.0109    0.0023 6.400000e+001 7.680000e+001 -1.088230e-004 2.349298e-005 
352    384      -0.0445   -0.4173 7.040000e+001 7.680000e+001 -4.454564e-004 -4.172556e-003 
384    384       0.0809   -0.5241 7.680000e+001 7.680000e+001 8.091373e-004 -5.241168e-003 
416    384       0.0750   -0.2860 8.320000e+001 7.680000e+001 7.495737e-004 -2.860234e-003 
448    384      -0.0150    0.0038 8.960000e+001 7.680000e+001 -1.499479e-004 3.768046e-005 
480    384      -0.2136   -0.0318 9.600000e+001 7.680000e+001 -2.136172e-003 -3.175910e-004 
32     352       0.0098   -0.0408 6.400000e+000 7.040000e+001 9.783372e-005 -4.075902e-004 
64     352       0.0209   -0.0693 1.280000e+001 7.040000e+001 2.094365e-004 -6.926526e-004 
96     352       0.0400   -0.0642 1.920000e+001 7.040000e+001 4.003871e-004 -6.422773e-004 
128    352       0.0466   -0.0441 2.560000e+001 7.040000e+001 4.661628e-004 -4.412773e-004 
160    352       0.0014   -0.0631 3.200000e+001 7.040000e+001 1.420050e-005 -6.305361e-004 
192    352      -0.0128   -0.0126 3.840000e+001 7.040000e+001 -1.275091e-004 -1.258001e-004 
224    352      -0.0152   -0.0060 4.480000e+001 7.040000e+001 -1.521276e-004 -5.968409e-005 
256    352      -0.0030   -0.0252 5.120000e+001 7.040000e+001 -3.015911e-005 -2.520843e-004 
288    352      -0.0167   -0.0504 5.760000e+001 7.040000e+001 -1.669132e-004 -5.037500e-004 
320    352      -0.0041   -0.0657 6.400000e+001 7.040000e+001 -4.125817e-005 -6.574386e-004 
352    352       0.0247   -0.0985 7.040000e+001 7.040000e+001 2.472139e-004 -9.845808e-004 
384    352       0.1147   -0.1154 7.680000e+001 7.040000e+001 1.147258e-003 -1.153576e-003 
416    352       0.0364   -0.0850 8.320000e+001 7.040000e+001 3.637448e-004 -8.495563e-004 
448    352      -0.0114   -0.1083 8.960000e+001 7.040000e+001 -1.135429e-004 -1.082950e-003 
480    352      -0.0618   -0.2126 9.600000e+001 7.040000e+001 -6.183318e-004 -2.125950e-003 
32     320      -0.0636   -0.1438 6.400000e+000 6.400000e+001 -6.356913e-004 -1.438364e-003 
64     320      -0.0733   -0.0745 1.280000e+001 6.400000e+001 -7.328195e-004 -7.454483e-004 
96     320      -0.0179   -0.0349 1.920000e+001 6.400000e+001 -1.790572e-004 -3.490692e-004 
128    320      -0.0068   -0.0400 2.560000e+001 6.400000e+001 -6.771214e-005 -3.996765e-004 
160    320      -0.0051   -0.0176 3.200000e+001 6.400000e+001 -5.097599e-005 -1.763489e-004 
192    320      -0.0113   -0.1077 3.840000e+001 6.400000e+001 -1.133022e-004 -1.077268e-003 
224    320       0.0053   -0.4394 4.480000e+001 6.400000e+001 5.305665e-005 -4.393675e-003 
256    320      -0.0075   -0.3617 5.120000e+001 6.400000e+001 -7.456354e-005 -3.617183e-003 
288    320      -0.0252   -0.0448 5.760000e+001 6.400000e+001 -2.516777e-004 -4.481487e-004 
320    320       0.0523   -0.0568 6.400000e+001 6.400000e+001 5.233911e-004 -5.681703e-004 
352    320       0.0344   -0.0714 7.040000e+001 6.400000e+001 3.442057e-004 -7.138134e-004 
384    320      -0.0013   -0.0190 7.680000e+001 6.400000e+001 -1.349916e-005 -1.895883e-004 
416    320      -0.0047    0.0191 8.320000e+001 6.400000e+001 -4.716586e-005 1.910782e-004 
448    320      -0.0227   -0.1336 8.960000e+001 6.400000e+001 -2.269642e-004 -1.335626e-003 
480    320       0.1171   -0.1375 9.600000e+001 6.400000e+001 1.170570e-003 -1.374509e-003 
32     288      -0.0401   -0.0458 6.400000e+000 5.760000e+001 -4.007259e-004 -4.584835e-004 
64     288      -0.0749   -0.0720 1.280000e+001 5.760000e+001 -7.488214e-004 -7.195760e-004 
96     288      -0.0687   -0.1526 1.920000e+001 5.760000e+001 -6.867397e-004 -1.525687e-003 
128    288      -0.0936   -0.3067 2.560000e+001 5.760000e+001 -9.364180e-004 -3.067429e-003 
160    288      -0.0077   -0.0729 3.200000e+001 5.760000e+001 -7.698397e-005 -7.294085e-004 
192    288       0.0248   -0.1021 3.840000e+001 5.760000e+001 2.480028e-004 -1.021303e-003 
224    288       0.0086   -0.0717 4.480000e+001 5.760000e+001 8.574588e-005 -7.165559e-004 
256    288      -0.0175   -0.0420 5.120000e+001 5.760000e+001 -1.754412e-004 -4.195418e-004 
288    288       0.0236    0.0335 5.760000e+001 5.760000e+001 2.356053e-004 3.350016e-004 
320    288       0.0458   -0.0515 6.400000e+001 5.760000e+001 4.575378e-004 -5.147511e-004 
352    288       0.0398   -0.1483 7.040000e+001 5.760000e+001 3.981172e-004 -1.482535e-003 
384    288       0.0103    0.0229 7.680000e+001 5.760000e+001 1.026154e-004 2.288058e-004 
416    288      -0.0657    0.0314 8.320000e+001 5.760000e+001 -6.574200e-004 3.136940e-004 
448    288       0.0015   -0.1250 8.960000e+001 5.760000e+001 1.542543e-005 -1.250293e-003 
480    288      -0.2035   -0.1594 9.600000e+001 5.760000e+001 -2.034845e-003 -1.594025e-003 
32     256      -0.0432   -0.0714 6.400000e+000 5.120000e+001 -4.321461e-004 -7.135619e-004 
64     256      -0.0772   -0.0851 1.280000e+001 5.120000e+001 -7.723996e-004 -8.512718e-004 
96     256      -0.0615   -0.1506 1.920000e+001 5.120000e+001 -6.149102e-004 -1.506206e-003 
128    256      -0.0641   -0.2410 2.560000e+001 5.120000e+001 -6.409747e-004 -2.410106e-003 
160    256      -0.0088   -0.0797 3.200000e+001 5.120000e+001 -8.844517e-005 -7.970049e-004 
192    256       0.0110   -0.0756 3.840000e+001 5.120000e+001 1.095448e-004 -7.557655e-004 
224    256       0.0243   -0.0336 4.480000e+001 5.120000e+001 2.427463e-004 -3.364397e-004 
256    256      -0.0032   -0.0335 5.120000e+001 5.120000e+001 -3.198567e-005 -3.345946e-004 
288    256      -0.0015   -0.1715 5.760000e+001 5.120000e+001 -1.507482e-005 -1.714956e-003 
320    256       0.0473   -0.1206 6.400000e+001 5.120000e+001 4.731484e-004 -1.205856e-003 
352    256      -0.0193    0.0330 7.040000e+001 5.120000e+001 -1.928043e-004 3.295019e-004 
384    256       0.0093    0.0866 7.680000e+001 5.120000e+001 9.292674e-005 8.659342e-004 
416    256      -0.0079    0.0042 8.320000e+001 5.120000e+001 -7.910922e-005 4.169355e-005 
448    256       0.0031   -0.0497 8.960000e+001 5.120000e+001 3.051946e-005 -4.971933e-004 
480    256       0.1749   -0.3150 9.600000e+001 5.120000e+001 1.748766e-003 -3.150325e-003 
32     224       0.0552   -0.1859 6.400000e+000 4.480000e+001 5.516908e-004 -1.858788e-003 
64     224      -0.1055   -0.2931 1.280000e+001 4.480000e+001 -1.055099e-003 -2.931387e-003 
96     224      -0.1314   -0.2351 1.920000e+001 4.480000e+001 -1.313820e-003 -2.350524e-003 
128    224       0.0174    0.0109 2.560000e+001 4.480000e+001 1.744281e-004 1.094591e-004 
160    224      -0.0064   -0.0170 3.200000e+001 4.480000e+001 -6.360700e-005 -1.697036e-004 
192    224      -0.0055   -0.0244 3.840000e+001 4.480000e+001 -5.468998e-005 -2.437848e-004 
224    224      -0.0250   -0.0435 4.480000e+001 4.480000e+001 -2.502934e-004 -4.354704e-004 
256    224      -0.0666   -0.1261 5.120000e+001 4.480000e+001 -6.659815e-004 -1.261457e-003 
288    224      -0.1044   -0.3582 5.760000e+001 4.480000e+001 -1.043628e-003 -3.582275e-003 
320    224       0.0877   -0.2270 6.400000e+001 4.480000e+001 8.768341e-004 -2.270386e-003 
352    224       0.0228   -0.0331 7.040000e+001 4.480000e+001 2.282019e-004 -3.311798e-004 
384    224       0.0024   -0.0090 7.680000e+001 4.480000e+001 2.393139e-005 -8.950765e-005 
416    224       0.0163   -0.0185 8.320000e+001 4.480000e+001 1.626437e-004 -1.845368e-004 
448    224       0.0976   -0.2458 8.960000e+001 4.480000e+001 9.764671e-004 -2.457926e-003 
480    224       0.3141   -0.5604 9.600000e+001 4.480000e+001 3.141172e-003 -5.603747e-003 
32     192      -0.0379   -0.1879 6.400000e+000 3.840000e+001 -3.790662e-004 -1.878901e-003 
64     192      -0.1167   -0.4174 1.280000e+001 3.840000e+001 -1.166892e-003 -4.173904e-003 
96     192      -0.1142   -0.2369 1.920000e+001 3.840000e+001 -1.142051e-003 -2.368535e-003 
128    192      -0.0252   -0.0549 2.560000e+001 3.840000e+001 -2.519923e-004 -5.491044e-004 
160    192      -0.0169   -0.0182 3.200000e+001 3.840000e+001 -1.693204e-004 -1.815937e-004 
192    192      -0.0143   -0.0189 3.840000e+001 3.840000e+001 -1.427867e-004 -1.892604e-004 
224    192      -0.0275   -0.0418 4.480000e+001 3.840000e+001 -2.751723e-004 -4.182378e-004 
256    192      -0.0934   -0.1213 5.120000e+001 3.840000e+001 -9.342765e-004 -1.212512e-003 
288    192      -0.0955   -0.1421 5.760000e+001 3.840000e+001 -9.548075e-004 -1.420930e-003 
320    192       0.0802   -0.0792 6.400000e+001 3.840000e+001 8.024338e-004 -7.921383e-004 
352    192       0.0206   -0.0337 7.040000e+001 3.840000e+001 2.057919e-004 -3.370743e-004 
384    192       0.0020   -0.0046 7.680000e+001 3.840000e+001 1.977152e-005 -4.570531e-005 
416    192      -0.0087   -0.0708 8.320000e+001 3.840000e+001 -8.661318e-005 -7.081340e-004 
448    192       0.0894   -0.1857 8.960000e+001 3.840000e+001 8.938538e-004 -1.857073e-003 
480    192       0.3178   -0.4055 9.600000e+001 3.840000e+001 3.178440e-003 -4.054616e-003 
32     160      -0.1116   -0.1034 6.400000e+000 3.200000e+001 -1.116142e-003 -1.034200e-003 
64     160       0.0318   -0.1401 1.280000e+001 3.200000e+001 3.177437e-004 -1.401253e-003 
96     160      -0.0080   -0.0679 1.920000e+001 3.200000e+001 -7.973893e-005 -6.789904e-004 
128    160      -0.0148   -0.0390 2.560000e+001 3.200000e+001 -1.477500e-004 -3.898759e-004 
160    160      -0.0059   -0.0503 3.200000e+001 3.200000e+001 -5.925885e-005 -5.034501e-004 
192    160      -0.0091   -0.0414 3.840000e+001 3.200000e+001 -9.097926e-005 -4.139542e-004 
224    160      -0.0196   -0.0570 4.480000e+001 3.200000e+001 -1.957210e-004 -5.703875e-004 
256    160      -0.0434   -0.1027 5.120000e+001 3.200000e+001 -4.342264e-004 -1.027154e-003 
288    160       0.0290    0.0123 5.760000e+001 3.200000e+001 2.898471e-004 1.227816e-004 
320    160      -0.0100    0.0246 6.400000e+001 3.200000e+001 -9.994688e-005 2.462223e-004 
352    160      -0.0227    0.0047 7.040000e+001 3.200000e+001 -2.269534e-004 4.731352e-005 
384    160      -0.0114   -0.0009 7.680000e+001 3.200000e+001 -1.142174e-004 -8.586651e-006 
416    160      -0.0204   -0.0470 8.320000e+001 3.200000e+001 -2.043503e-004 -4.697047e-004 
448    160      -0.2304   -0.3759 8.960000e+001 3.200000e+001 -2.304146e-003 -3.759021e-003 
480    160      -0.6051   -0.7745 9.600000e+001 3.200000e+001 -6.051035e-003 -7.744553e-003 
32     128      -0.0038   -0.1540 6.400000e+000 2.560000e+001 -3.775765e-005 -1.539633e-003 
64     128       0.0347   -0.0415 1.280000e+001 2.560000e+001 3.468151e-004 -4.150387e-004 
96     128       0.0092   -0.0503 1.920000e+001 2.560000e+001 9.240354e-005 -5.026817e-004 
128    128       0.0048    0.0100 2.560000e+001 2.560000e+001 4.838793e-005 9.978551e-005 
160    128       0.0259   -0.0525 3.200000e+001 2.560000e+001 2.589901e-004 -5.245317e-004 
192    128       0.0247   -0.0508 3.840000e+001 2.560000e+001 2.474053e-004 -5.082693e-004 
224    128      -0.0354   -0.0549 4.480000e+001 2.560000e+001 -3.538236e-004 -5.488715e-004 
256    128      -0.0575   -0.1636 5.120000e+001 2.560000e+001 -5.748930e-004 -1.635921e-003 
288    128      -0.0054    0.0236 5.760000e+001 2.560000e+001 -5.414663e-005 2.359312e-004 
320    128      -0.0183    0.0502 6.400000e+001 2.560000e+001 -1.831755e-004 5.019558e-004 
352    128      -0.0214    0.0390 7.040000e+001 2.560000e+001 -2.143234e-004 3.896382e-004 
384    128      -0.0635    0.0066 7.680000e+001 2.560000e+001 -6.349604e-004 6.603519e-005 
416    128       0.0282   -0.0524 8.320000e+001 2.560000e+001 2.816655e-004 -5.240589e-004 
448    128      -0.1756   -0.2606 8.960000e+001 2.560000e+001 -1.756156e-003 -2.605608e-003 
480    128      -0.3532   -0.3907 9.600000e+001 2.560000e+001 -3.531810e-003 -3.907348e-003 
32     96       -0.0148   -0.4400 6.400000e+000 1.920000e+001 -1.480864e-004 -4.400281e-003 
64     96       -0.0358   -0.1115 1.280000e+001 1.920000e+001 -3.577611e-004 -1.115305e-003 
96     96       -0.0155   -0.0532 1.920000e+001 1.920000e+001 -1.546367e-004 -5.321298e-004 
128    96       -0.0048    0.0627 2.560000e+001 1.920000e+001 -4.774448e-005 6.274963e-004 
160    96       -0.0153    0.0076 3.200000e+001 1.920000e+001 -1.531670e-004 7.596741e-005 
192    96        0.0099   -0.0303 3.840000e+001 1.920000e+001 9.935091e-005 -3.028171e-004 
224    96        0.1046   -0.0754 4.480000e+001 1.920000e+001 1.045744e-003 -7.543367e-004 
256    96        0.0620   -0.1030 5.120000e+001 1.920000e+001 6.200043e-004 -1.030366e-003 
288    96        0.0007    0.0015 5.760000e+001 1.920000e+001 7.132123e-006 1.501391e-005 
320    96        0.0115    0.0036 6.400000e+001 1.920000e+001 1.154392e-004 3.559746e-005 
352    96        0.0076    0.1570 7.040000e+001 1.920000e+001 7.629996e-005 1.569832e-003 
384    96       -0.0145    0.0486 7.680000e+001 1.920000e+001 -1.446252e-004 4.861448e-004 
416    96       -0.0058   -0.1728 8.320000e+001 1.920000e+001 -5.847671e-005 -1.727863e-003 
448    96        0.0294   -0.1037 8.960000e+001 1.920000e+001 2.940054e-004 -1.037473e-003 
480    96        0.0086   -0.0592 9.600000e+001 1.920000e+001 8.590225e-005 -5.923853e-004 
32     64       -0.1472   -0.8955 6.400000e+000 1.280000e+001 -1.472196e-003 -8.955441e-003 
64     64       -0.1409   -0.2309 1.280000e+001 1.280000e+001 -1.409168e-003 -2.308748e-003 
96     64       -0.0289   -0.0428 1.920000e+001 1.280000e+001 -2.892496e-004 -4.280406e-004 
128    64        0.0309    0.0368 2.560000e+001 1.280000e+001 3.092377e-004 3.684632e-004 
160    64       -0.0040    0.0661 3.200000e+001 1.280000e+001 -3.961512e-005 6.605277e-004 
192    64        0.0209   -0.0664 3.840000e+001 1.280000e+001 2.090282e-004 -6.643769e-004 
224    64        0.0903   -0.2144 4.480000e+001 1.280000e+001 9.033157e-004 -2.143790e-003 
256    64        0.1037   -0.0954 5.120000e+001 1.280000e+001 1.037300e-003 -9.537525e-004 
288    64        0.0526    0.0818 5.760000e+001 1.280000e+001 5.256383e-004 8.179638e-004 
320    64       -0.0212    0.0023 6.400000e+001 1.280000e+001 -2.118379e-004 2.327654e-005 
352    64       -0.0104    0.0102 7.040000e+001 1.280000e+001 -1.038041e-004 1.023695e-004 
384    64       -0.0168   -0.0472 7.680000e+001 1.280000e+001 -1.678344e-004 -4.721061e-004 
416    64        0.1203   -0.4779 8.320000e+001 1.280000e+001 1.203016e-003 -4.779120e-003 
448    64        0.1413   -0.4958 8.960000e+001 1.280000e+001 1.412572e-003 -4.958301e-003 
480    64        0.1237   -0.0712 9.600000e+001 1.280000e+001 1.236575e-003 -7.122906e-004 
32     32       -0.0686   -0.0655 6.400000e+000 6.400000e+000 -6.860648e-004 -6.549017e-004 
64     32       -0.1134   -0.2266 1.280000e+001 6.400000e+000 -1.133839e-003 -2.266363e-003 
96     32       -0.0249   -0.0066 1.920000e+001 6.400000e+000 -2.487593e-004 -6.634674e-005 
128    32       -0.0020   -0.2698 2.560000e+001 6.400000e+000 -2.035929e-005 -2.698262e-003 
160    32        0.0081   -0.2368 3.200000e+001 6.400000e+000 8.098658e-005 -2.367817e-003 
192    32        0.0190   -0.2403 3.840000e+001 6.400000e+000 1.896077e-004 -2.403466e-003 
224    32        0.0694    0.2603 4.480000e+001 6.400000e+000 6.944993e-004 2.603420e-003 
256    32        0.1433    0.1980 5.120000e+001 6.400000e+000 1.433034e-003 1.980098e-003 
288    32        0.1020   -0.2023 5.760000e+001 6.400000e+000 1.019828e-003 -2.023090e-003 
320    32       -0.0286   -0.1207 6.400000e+001 6.400000e+000 -2.857588e-004 -1.206800e-003 
352    32       -0.0074   -0.0554 7.040000e+001 6.400000e+000 -7.389354e-005 -5.543529e-004 
384    32       -0.0062    0.1291 7.680000e+001 6.400000e+000 -6.214233e-005 1.290761e-003 
416    32        0.0742   -0.1960 8.320000e+001 6.400000e+000 7.416213e-004 -1.960286e-003 
448    32        0.1592   -0.2334 8.960000e+001 6.400000e+000 1.592036e-003 -2.333802e-003 
480    32        0.1911   -0.1161 9.600000e+001 6.400000e+000 1.910686e-003 -1.160760e-003 
